111111111111111111111111111111
100001000001001000010000100001
100001000001001000010000100001
100001000001001000010000100001
100001000001001000010000100001
100001000001001000010000100001
100001000001001000010000100001
100001000001001000010000100001
100001000001001000010000100001
100001000001001000010000100001
100001000001001000010000100001
100001000001001000010000100001
100001000001001000010000100001
100001000001001000010000100001
100001000001001000010000100001
100001000001001000010000100001
100001000001001000010000100001
100001000001001000010000100001
100001000001001000010000100001
100001000001001000010000100001
100001000001001000010000100001
100001000001001000010000100001
100001000001001000010000100001
100001000001001000010000100001
100001000001001000010000100001
100001000001001000010000100001
100001000001001000010000100001
100001000001001000010000100001
100001000001001000010000100001
111111111111111111111111111111